5 8 51 14
8 5 99 18
5 10 67 14
7 7 65 14
9 9 100 14
7 7 62 13
5 6 81 14
10 7 53 20
10 9 88 17
5 9 54 17
4 8 46 16
7 9 78 15
6 7 58 20
4 8 45 15
8 9 70 18
8 4 95 14
5 8 78 19
6 5 54 14
5 6 76 13
8 8 96 20
10 6 85 18
4 10 70 13
6 7 73 20
4 9 92 14
8 5 80 17
6 9 46 15
10 6 87 13
5 9 55 17
8 9 54 16
9 10 96 20
4 7 44 13
10 10 51 15
8 6 54 19
6 7 55 17
9 8 57 13
4 5 47 19
8 9 42 13
7 8 93 20
6 4 53 15
6 10 51 13
10 5 92 18
4 5 71 14
8 8 87 20
4 8 66 18
6 4 75 14
8 9 97 16
5 5 62 19
6 9 85 18
8 4 66 14
8 5 84 16
8 6 71 17
10 10 93 14
5 8 94 19
4 9 99 14
5 7 85 15
8 8 46 14
8 4 53 20
6 6 63 13
5 4 56 20
8 6 61 15
9 8 94 17
4 5 78 14
9 8 93 13
10 10 55 13
5 10 91 17
5 8 93 17
10 5 61 19
10 8 93 14
4 10 41 19
9 10 93 13
4 6 41 15
7 4 73 17
6 7 82 13
6 5 41 19
10 4 40 18
10 9 77 20
5 5 66 20
10 5 93 18
8 9 85 13
5 4 92 14
5 7 53 20
8 5 69 19
8 5 59 20
7 8 70 20
6 10 98 17
6 5 44 16
10 7 58 19
7 4 72 16
8 4 82 15
8 8 53 14
8 10 58 16
7 10 53 18
4 4 90 19
6 8 50 18
6 9 48 20
8 7 90 15
4 10 60 17
7 9 96 20
4 4 45 18
4 5 62 20
8 8 99 15
7 4 51 17
7 8 41 17
6 6 70 18
6 6 82 20
9 9 59 13
10 4 42 19
10 4 41 16
4 8 71 16
6 10 87 14
6 4 78 14
4 9 46 15
8 7 73 18
10 6 53 18
8 6 71 17
9 6 52 20
5 8 48 19
5 6 90 13
8 5 66 16
6 5 41 13
4 6 51 19
5 5 84 17
10 4 71 16
9 8 80 20
8 4 81 13
9 6 44 19
10 9 70 18
10 4 77 19
9 5 73 15
9 4 76 20
6 4 56 16
7 4 95 16
4 9 100 16
6 8 50 19
10 10 78 16
5 7 61 15
5 8 45 20
6 4 94 16
9 7 72 17
7 6 49 16
9 8 80 16
8 7 83 17
6 6 100 17
4 4 76 17
8 7 85 13
9 7 46 17
8 4 99 16
6 10 89 18
5 9 94 14
10 7 50 16
10 9 42 20
9 9 40 16
8 6 92 20
9 4 80 17
7 4 63 17
8 6 47 13
7 7 43 14
9 4 98 20
7 4 74 13
6 7 50 17
4 10 68 19
6 9 83 15
7 7 89 16
7 7 63 15
8 9 64 14
5 4 99 17
6 5 51 20
9 9 79 20
9 5 95 16
5 10 88 15
10 9 59 20
5 9 58 17
9 6 68 15
7 10 70 13
8 6 100 20
8 4 81 18
8 5 73 17
8 8 68 15
5 10 50 15
10 4 54 17
5 6 80 19
8 10 59 20
6 5 58 14
6 6 83 19
7 10 64 14
10 5 79 13
8 7 92 20
9 10 40 19
4 5 60 20
5 6 71 15
4 4 66 17
4 9 43 13
9 8 50 15
8 7 50 20
5 10 78 18
8 8 78 14
8 10 50 14
7 6 41 14
6 8 86 16
6 5 98 16
4 8 96 19
4 5 52 13
7 4 72 19
10 8 61 19
6 7 94 17
5 7 74 17
9 4 47 14
7 7 93 16
5 6 58 14
7 6 65 13
9 4 45 16
7 10 58 17
9 9 49 15
6 5 54 18
5 6 55 15
5 10 79 18
9 5 88 20
6 8 75 14
4 5 56 18
6 9 68 16
10 4 52 16
9 4 64 14
7 6 75 18
5 8 64 15
8 9 100 17
5 5 42 18
10 8 100 16
4 7 89 14
4 5 50 20
6 6 55 16
10 8 49 20
9 6 50 13
8 9 82 17
5 5 92 18
10 6 48 19
5 5 96 13
4 8 72 16
8 9 77 19
7 5 40 13
7 8 98 18
6 10 94 14
8 5 99 17
5 9 49 16
10 7 56 14
5 6 88 17
6 9 41 14
8 9 43 13
5 9 73 16
8 7 86 18
10 5 76 13
7 7 68 13
8 8 94 16
7 5 89 14
6 10 43 19
9 4 74 18
7 5 77 20
7 8 62 18
5 4 53 14
10 5 55 18
7 10 49 20
5 4 74 17
8 8 95 13
8 6 71 17
7 10 73 20
6 4 87 18
7 8 72 16
8 10 87 19
5 7 92 17
10 4 76 16
9 7 60 15
6 6 100 16
10 4 41 15
9 6 55 15
10 9 88 16
9 5 91 17
7 10 95 17
8 10 69 20
5 5 40 19
7 6 81 16
7 6 98 17
6 8 52 17
6 6 70 19
10 8 52 15
9 4 48 15
4 9 73 15
4 5 93 14
5 6 49 13
10 7 71 17
4 10 76 18
9 5 87 19
10 5 52 19
7 5 92 15
8 4 86 16
6 5 45 19
4 9 45 19
10 7 53 14
4 10 95 14
9 8 88 20
9 4 98 19
7 6 42 16
10 9 40 14
4 10 89 19
10 7 90 19
10 10 65 18
7 9 64 16
7 4 78 13
6 7 79 17
4 10 65 20
7 5 70 13
7 9 75 16
9 9 70 19
6 9 66 17
10 4 85 20
7 9 49 15
6 5 92 17
4 10 76 13
5 10 91 13
6 6 68 17
6 8 48 13
4 4 45 18
10 4 94 19
6 7 46 14
5 8 50 18
4 10 74 14
6 6 76 20
9 8 55 19
9 10 71 15
9 10 44 20
9 7 52 18
8 7 100 13
5 8 76 15
10 6 74 15
10 8 64 15
7 10 69 13
6 8 79 15
10 7 44 17
10 6 64 18
9 6 54 18
5 6 50 16
4 5 77 18
4 10 80 13
8 4 86 17
8 9 48 13
7 4 91 15
8 6 74 14
10 6 64 15
5 6 69 16
7 8 95 20
7 4 99 13
10 10 83 13
4 8 64 18
10 7 87 13
4 9 87 17
7 9 86 14
8 10 60 19
4 9 51 14
8 4 45 16
10 4 100 19
4 6 81 16
6 9 78 18
9 9 62 15
8 5 61 15
8 10 50 15
10 6 49 14
9 9 72 18
8 8 93 13
8 4 64 17
7 5 60 19
5 4 98 20
6 7 48 20
5 8 43 16
5 9 69 17
8 6 59 18
9 8 100 16
4 5 51 20
7 8 49 16
6 8 84 16
5 9 40 13
4 10 95 20
10 7 64 13
10 10 53 14
9 7 61 17
7 10 44 14
9 5 54 13
7 8 41 14
9 5 83 15
8 8 71 13
6 7 54 14
8 9 61 18
5 7 49 15
4 4 95 13
9 8 80 19
5 5 49 19
5 4 53 19
6 9 41 14
9 7 60 14
4 6 93 19
6 10 70 14
10 7 89 14
6 6 84 13
5 4 40 14
7 9 51 20
8 9 88 18
6 10 66 20
5 8 78 17
4 5 57 16
9 9 65 19
10 10 98 14
5 9 96 13
4 6 81 19
9 7 51 17
9 7 94 20
7 10 54 14
10 8 78 15
9 8 79 14
10 6 92 17
9 4 94 20
9 8 64 15
5 6 43 18
7 5 89 20
4 10 95 16
6 4 89 14
6 8 75 14
5 7 69 17
7 8 97 13
4 5 87 17
7 10 44 20
10 5 96 20
8 5 57 18
8 9 56 19
8 7 63 15
4 10 90 20
9 10 48 13
4 7 45 15
8 6 94 17
6 6 68 20
8 9 49 13
9 10 81 18
10 6 86 18
7 10 63 17
10 9 90 20
5 9 98 18
9 4 66 19
10 4 92 15
9 4 54 13
7 7 78 13
8 6 92 20
4 9 61 20
6 6 75 13
4 7 71 16
9 7 77 19
9 8 86 14
7 10 59 20
6 5 94 14
4 9 60 18
6 6 77 20
10 10 70 20
6 4 67 16
8 7 85 13
7 9 84 20
6 9 98 17
10 4 45 17
4 5 56 19
6 6 51 16
4 7 73 15
7 10 67 18
5 7 87 19
6 6 80 16
6 8 57 18
9 4 70 19
7 6 90 17
8 7 66 17
10 6 99 17
10 5 94 19
7 5 58 20
7 5 53 13
4 9 62 19
9 10 75 18
9 6 72 19
8 8 58 15
7 9 67 14
4 10 58 16
8 7 61 19
10 9 54 19
9 5 79 16
9 5 91 18
10 4 87 17
6 10 53 13
4 10 94 16
4 10 63 16
4 4 84 19
9 10 96 18
8 4 92 18
7 9 51 14
7 6 78 18
5 7 47 17
4 5 83 15
5 10 64 14
7 6 100 13
10 4 47 19
6 8 94 18
5 9 65 15
9 10 78 20
4 7 86 15
6 10 75 19
4 6 48 13
10 5 91 17
9 6 70 13
9 8 41 14
6 8 54 15
7 10 64 20
7 7 72 15
6 5 90 15
8 6 66 17
6 10 97 20
5 8 64 13
4 10 53 20
5 5 71 19
6 5 51 20
6 5 91 18
4 6 54 17
6 10 43 17
10 8 81 18
5 5 42 13
4 9 63 13
8 4 46 17
8 7 95 20
8 10 84 13
4 6 97 20
6 6 88 17
7 7 86 15
9 4 73 19
4 6 75 20
4 4 43 13
10 8 56 14
7 4 69 13
6 10 84 19
9 10 94 13
8 5 52 20
9 7 95 20
8 9 98 15
5 8 67 16
9 4 49 18
10 9 43 17
8 5 66 19
7 4 51 20
10 4 59 16
5 7 56 15
4 10 93 18
5 5 52 13
7 6 47 19
7 4 72 14
5 6 56 15
5 4 47 13
8 8 73 17
10 9 43 19
9 7 53 17
9 5 64 16
7 4 54 18
6 10 43 14
8 10 84 15
5 5 78 17
7 8 73 20
5 7 43 20
5 4 79 18
7 8 78 16
5 8 85 14
5 10 94 20
8 10 41 17
10 5 53 16
8 5 66 17
9 5 84 18
10 4 46 14
10 6 74 13
9 10 53 16
5 8 95 15
4 6 52 18
5 4 88 19
6 4 99 20
6 9 43 13
6 9 99 13
8 4 52 15
10 10 57 14
7 4 58 15
9 8 42 14
7 8 44 19
8 10 91 20
10 4 40 18
6 4 84 19
7 6 65 19
7 5 42 18
4 8 75 15
8 9 40 19
9 8 47 17
9 6 50 20
5 9 89 16
9 6 84 18
5 7 44 18
7 8 73 17
4 4 98 20
7 4 81 20
6 6 43 19
5 8 44 14
8 5 89 17
4 7 47 20
7 10 52 17
9 4 90 16
8 10 97 13
8 6 80 16
8 5 95 13
7 8 46 13
6 7 76 16
8 9 95 13
6 10 83 15
5 10 46 17
7 7 50 15
8 6 78 16
9 6 96 19
4 10 76 20
8 4 71 20
5 7 69 18
8 10 44 16
9 7 59 20
6 5 42 18
4 8 77 16
8 5 46 17
4 10 47 17
9 10 71 16
5 9 54 18
7 5 99 20
6 6 66 20
9 8 93 14
9 4 79 18
9 8 98 14
9 8 67 19
7 4 79 19
5 7 68 16
8 10 63 18
9 8 54 18
6 7 95 19
7 9 67 16
5 10 75 19
4 7 56 14
5 10 47 17
4 7 80 14
6 8 82 16
5 7 57 14
7 10 41 13
8 7 71 19
9 4 72 18
4 4 53 15
6 7 40 20
4 8 60 14
8 4 59 19
9 5 78 17
5 4 42 13
9 8 96 14
4 10 83 15
7 4 66 19
7 4 91 13
6 5 96 17
6 9 50 13
6 9 58 13
10 7 99 20
7 4 52 20
5 10 75 14
4 5 93 18
5 6 70 17
10 9 74 20
5 10 50 13
4 9 65 15
4 7 43 13
9 4 53 20
4 9 40 18
8 10 62 18
8 10 83 20
9 4 40 18
5 7 74 14
10 9 44 18
10 6 80 17
7 4 43 15
5 10 52 15
9 8 97 15
7 4 73 16
8 5 92 14
9 6 55 14
8 5 88 15
5 8 82 14
5 8 66 19
6 9 81 17
9 10 75 15
5 4 58 18
9 10 66 20
9 8 60 16
5 6 75 20
10 6 63 15
9 7 57 14
8 5 42 15
6 10 56 16
6 5 84 19
5 6 54 18
9 5 86 17
4 8 56 19
5 4 42 16
5 6 95 19
7 10 55 20
6 7 54 19
9 10 66 17
10 5 87 16
7 7 89 17
6 10 77 19
9 9 97 13
7 6 56 18
9 9 84 16
7 8 79 20
7 10 64 14
8 6 70 18
10 7 48 19
5 6 90 19
4 10 50 15
6 6 41 16
4 6 74 15
7 7 58 18
8 8 62 16
6 9 100 17
5 7 90 15
4 6 47 19
5 4 85 18
5 7 64 19
6 7 84 18
4 8 48 19
8 6 47 15
8 7 41 13
10 4 97 18
9 8 70 14
7 7 50 20
4 4 100 16
9 6 66 13
8 4 42 18
9 7 43 17
7 4 43 17
7 6 68 19
6 7 95 15
8 5 91 19
9 5 74 20
5 8 62 20
4 5 53 17
10 9 96 19
5 10 69 13
9 6 70 14
4 4 65 14
5 6 99 15
5 8 55 17
4 10 88 13
5 7 45 16
8 9 45 14
4 10 73 17
9 4 98 15
10 10 49 16
7 4 69 20
8 5 49 15
8 6 52 13
6 10 99 20
7 9 49 18
5 8 83 18
7 8 66 20
8 4 99 16
7 8 48 16
8 7 92 19
5 10 55 15
8 10 75 15
4 7 46 17
10 10 73 15
10 5 57 14
9 5 57 16
10 5 62 14
9 9 94 20
8 8 61 20
4 5 57 20
7 8 73 17
10 10 53 18
5 6 76 15
5 8 58 19
5 4 100 13
9 7 61 14
8 9 90 15
5 5 60 14
4 8 43 20
4 9 94 15
4 8 41 13
6 6 53 20
5 6 97 16
6 10 50 16
4 4 64 16
6 7 43 20
7 4 44 13
4 6 50 15
6 10 47 17
8 7 96 14
7 9 92 13
5 7 72 14
6 4 56 19
5 9 76 15
8 10 62 16
5 8 76 19
5 7 69 13
8 5 100 18
7 6 65 15
9 9 58 14
9 7 44 18
8 10 98 20
8 9 80 15
7 5 84 18
8 8 91 13
6 5 49 17
8 6 99 18
6 10 74 16
7 7 69 20
5 9 77 16
8 5 49 19
4 10 77 17
7 7 67 16
6 9 69 14
7 10 69 15
8 4 94 20
9 8 69 20
4 10 90 15
8 4 87 18
4 10 41 15
8 6 61 17
9 5 61 14
8 10 63 19
4 6 100 15
10 7 40 15
4 5 47 16
4 6 96 13
7 6 64 15
7 4 66 14
7 10 49 18
7 6 52 17
6 6 44 15
5 6 79 13
6 9 52 20
9 5 52 14
10 9 49 16
4 7 67 16
4 9 68 19
8 5 99 19
10 5 78 15
7 4 76 20
7 7 57 13
8 6 65 19
7 7 90 14
10 4 50 19
6 6 100 18
5 7 83 17
8 6 95 17
9 9 84 14
5 6 40 15
5 6 60 16
4 9 92 17
7 7 96 18
10 6 80 20
4 8 90 15
8 4 71 17
7 8 87 20
7 4 69 14
5 6 50 20
4 7 82 17
9 10 55 17
8 6 83 13
7 7 51 13
7 5 43 13
7 5 82 14
5 6 86 15
7 8 67 16
10 6 80 16
7 9 78 20
7 8 73 19
4 6 80 16
6 4 50 20
6 4 87 18
5 8 64 20
5 9 60 19
8 10 89 20
8 7 56 14
8 4 82 17
9 9 42 15
9 5 71 15
4 5 88 20
8 4 74 19
10 5 74 13
9 7 46 14
6 10 62 15
4 7 61 16
6 10 75 13
6 9 84 18
9 5 54 15
9 7 45 19
7 10 81 18
5 8 52 16
10 4 84 18
7 7 69 19
8 10 46 14
4 4 48 15
10 4 51 13
8 5 100 18
10 6 74 17
10 4 69 20
4 8 77 17
6 7 72 13
7 7 48 18
8 10 42 19
10 9 85 14
5 9 89 14
4 4 45 20
9 5 70 18
7 6 100 18
8 8 60 14
5 4 61 18
6 6 82 18
4 5 56 19
6 4 72 17
9 5 55 19
8 4 92 14
7 4 61 18
8 8 48 18
4 4 85 16
9 9 64 18
9 5 82 13
4 4 67 13
7 10 49 14
9 4 77 17
9 6 49 17
10 6 63 13
6 6 82 15
10 7 53 20
10 5 53 20
10 6 43 14
7 8 80 20
6 9 84 20
9 6 47 15
4 7 70 19
8 10 100 13
8 10 93 20
9 6 41 20
7 8 96 14
8 7 74 14
10 4 61 18
4 10 71 16
5 4 77 13
9 5 51 17
5 6 81 14
7 10 61 15
5 9 81 17
9 8 71 13
7 6 88 17
6 6 67 13
6 6 43 18
4 7 79 16
7 10 41 19
4 7 44 16
7 8 45 13
9 4 82 19
10 10 58 13
9 9 42 20
10 6 58 17
10 10 57 16
6 9 96 18
5 6 65 20
7 7 69 14
8 9 78 17
9 9 94 13
6 9 75 20
4 7 60 18
10 4 51 15
5 8 93 16
10 8 86 15
9 9 71 15
4 8 98 14
10 4 50 14
9 6 95 20
9 9 41 18
10 5 69 17
6 6 73 15
10 10 72 16
7 7 82 16
5 5 82 19
8 8 49 13
9 7 89 15
5 5 95 13
6 4 78 16
5 6 55 16
8 10 44 15
10 9 43 15
8 7 43 16
8 4 93 14
5 8 64 18
6 8 64 19
8 5 48 19
